1.500000000000000000e+00 2.592595659706806828e+02
2.500000000000000000e+00 2.452799979481639525e+02
3.500000000000000000e+00 2.502696410349895757e+02
7.000000000000000000e+00 1.135638238838511711e+02
1.150000000000000000e+01 1.271406999999999954e+02
2.800000000000000000e+01 3.253370000000000317e+01
7.000000000000000000e+01 2.490650000000000119e+01
1.345000000000000000e+02 2.437209999999999965e+01
2.425000000000000000e+02 2.590879999999999939e+01
4.225000000000000000e+02 5.506980000000000075e+01
6.445000000000000000e+02 3.296535000000000082e+02
8.350000000000000000e+02 4.671354400000000169e+03
1.043500000000000000e+03 5.835824029999999766e+04
1.337500000000000000e+03 4.259242655899999663e+06
1.679500000000000000e+03 8.698561061155999899e+08
1.929000000000000000e+03 2.040337357115964966e+11
