1.500000000000000000e+00 3.666483943706986679e+02
2.500000000000000000e+00 3.468782996771385001e+02
3.500000000000000000e+00 3.539347206019281771e+02
7.000000000000000000e+00 1.606034999314919673e+02
1.037500000000000000e+01 2.659440000000000168e+02
1.112500000000000000e+01 2.852658000000000129e+02
1.187500000000000000e+01 2.687977000000000203e+02
1.262500000000000000e+01 2.904554999999999723e+02
1.675000000000000000e+01 7.468529999999999802e+01
2.425000000000000000e+01 7.724989999999999668e+01
3.175000000000000000e+01 7.791840000000000543e+01
3.925000000000000000e+01 7.807099999999999795e+01
4.975000000000000000e+01 5.602750000000000341e+01
6.325000000000000000e+01 5.782350000000000279e+01
7.675000000000000000e+01 5.769559999999999889e+01
9.025000000000000000e+01 5.912680000000000291e+01
1.063750000000000000e+02 5.081510000000000105e+01
1.251250000000000000e+02 5.227479999999999905e+01
1.438750000000000000e+02 5.478209999999999980e+01
1.626250000000000000e+02 5.907540000000000191e+01
1.896250000000000000e+02 4.602720000000000056e+01
2.248750000000000000e+02 5.377920000000000300e+01
2.601250000000000000e+02 6.366460000000000008e+01
2.953750000000000000e+02 7.577729999999999677e+01
3.403750000000000000e+02 7.752760000000000673e+01
3.951250000000000000e+02 1.127031000000000063e+02
4.498750000000000000e+02 1.637193000000000040e+02
5.046250000000000000e+02 2.488283000000000129e+02
6.445000000000000000e+02 3.296535000000000082e+02
8.350000000000000000e+02 4.671354400000000169e+03
1.043500000000000000e+03 5.835824029999999766e+04
1.337500000000000000e+03 4.259242655899999663e+06
1.679500000000000000e+03 8.698561061155999899e+08
1.929000000000000000e+03 2.040337357115964966e+11
